header: 
  seq: 591
  stamp: 
    secs: 1722934679
    nsecs: 191680342
  frame_id: "oak_rgb_camera_optical_frame"
height: 720
width: 1280
distortion_model: "rational_polynomial"
D: [41.31075668334961, -307.7240295410156, -0.0003844382881652564, -0.0008608045754954219, 730.927978515625, 40.72071075439453, -304.31158447265625, 722.9534301757812]
K: [1029.8714599609375, 0.0, 618.7494506835938, 0.0, 1029.8714599609375, 355.63629150390625, 0.0, 0.0, 1.0]
R: [1.0, 0.0, 0.0, 0.0, 1.0, 0.0, 0.0, 0.0, 1.0]
P: [1029.8714599609375, 0.0, 618.7494506835938, 0.0, 0.0, 1029.8714599609375, 355.63629150390625, 0.0, 0.0, 0.0, 1.0, 0.0]
binning_x: 0
binning_y: 0
roi: 
  x_offset: 0
  y_offset: 0
  height: 0
  width: 0
  do_rectify: False